18 0.269167 0.668333 0.025000 0.030000
18 0.295000 0.679167 0.026667 0.025000
18 0.495833 0.131667 0.025000 0.023333
18 0.509167 0.135833 0.021667 0.021667
18 0.585000 0.135000 0.033333 0.023333
18 0.616667 0.129167 0.026667 0.015000
18 0.609167 0.154167 0.025000 0.018333
18 0.680000 0.130833 0.023333 0.011667
18 0.674167 0.145833 0.025000 0.015000
18 0.217500 0.239167 0.025000 0.028333
73 0.720000 0.418333 0.130000 0.120000
73 0.683333 0.616667 0.156667 0.176667
73 0.601667 0.727500 0.103333 0.108333
73 0.546667 0.681667 0.116667 0.103333
73 0.304167 0.355833 0.091667 0.075000
73 0.356667 0.450000 0.060000 0.073333
73 0.202500 0.451667 0.058333 0.076667
73 0.233333 0.634167 0.070000 0.101667
73 0.355833 0.797500 0.058333 0.068333
73 0.484167 0.620000 0.061667 0.063333
73 0.509167 0.582500 0.045000 0.045000
73 0.810000 0.222500 0.080000 0.091667
86 0.247500 0.495833 0.061667 0.065000
86 0.174167 0.570000 0.058333 0.060000
73 0.298333 0.419167 0.133333 0.101667
