73 0.782500 0.173333 0.105000 0.060000
18 0.766667 0.254167 0.026667 0.021667
18 0.760833 0.267500 0.028333 0.021667
18 0.756667 0.280833 0.023333 0.021667
18 0.748333 0.291667 0.023333 0.023333
18 0.743333 0.303333 0.023333 0.020000
18 0.773333 0.363333 0.026667 0.016667
18 0.338333 0.134167 0.026667 0.015000
18 0.335000 0.145833 0.020000 0.015000
18 0.328333 0.160833 0.020000 0.011667
18 0.326667 0.173333 0.023333 0.013333
18 0.263333 0.175833 0.020000 0.015000
18 0.270000 0.151667 0.023333 0.023333
18 0.272500 0.139167 0.018333 0.018333
18 0.278333 0.125833 0.023333 0.021667
18 0.338333 0.270000 0.013333 0.030000
18 0.323333 0.266667 0.016667 0.026667
18 0.312500 0.265000 0.018333 0.026667
18 0.289167 0.257500 0.018333 0.028333
73 0.467500 0.331667 0.198333 0.140000
73 0.292500 0.307500 0.178333 0.095000
73 0.652500 0.389167 0.188333 0.148333
73 0.294167 0.453333 0.108333 0.176667
73 0.358333 0.473333 0.113333 0.173333
73 0.421667 0.494167 0.110000 0.165000
73 0.483333 0.513333 0.106667 0.166667
73 0.545833 0.527500 0.108333 0.168333
73 0.610833 0.547500 0.111667 0.171667
73 0.668333 0.560000 0.106667 0.173333
73 0.734167 0.580000 0.105000 0.163333
73 0.250833 0.574167 0.088333 0.081667
73 0.311667 0.589167 0.090000 0.081667
73 0.410833 0.610833 0.148333 0.108333
73 0.504167 0.639167 0.085000 0.091667
73 0.560833 0.659167 0.088333 0.098333
73 0.624167 0.678333 0.081667 0.086667
73 0.720000 0.704167 0.146667 0.118333
73 0.712500 0.764167 0.098333 0.055000
73 0.555833 0.721667 0.078333 0.050000
18 0.263333 0.713333 0.026667 0.013333
18 0.224167 0.692500 0.028333 0.011667
18 0.255833 0.637500 0.011667 0.021667
18 0.266667 0.640000 0.013333 0.023333
18 0.289167 0.652500 0.018333 0.021667
18 0.280833 0.672500 0.031667 0.015000
18 0.301667 0.655000 0.016667 0.026667
18 0.313333 0.660000 0.013333 0.023333
73 0.611667 0.733333 0.050000 0.033333
18 0.311667 0.735833 0.013333 0.021667
18 0.352500 0.728333 0.031667 0.016667
18 0.379167 0.735000 0.025000 0.013333
18 0.450833 0.763333 0.025000 0.016667
18 0.480000 0.768333 0.030000 0.016667
18 0.487500 0.757500 0.025000 0.011667
18 0.513333 0.765833 0.030000 0.018333
18 0.510000 0.775000 0.023333 0.016667
18 0.605833 0.794167 0.025000 0.015000
18 0.604167 0.804167 0.025000 0.015000
18 0.634167 0.803333 0.021667 0.013333
18 0.634167 0.814167 0.031667 0.018333
18 0.695000 0.798333 0.026667 0.016667
18 0.727500 0.802500 0.028333 0.015000
18 0.782500 0.805833 0.018333 0.028333
18 0.686667 0.834167 0.016667 0.021667
18 0.680833 0.853333 0.015000 0.020000
18 0.700833 0.836667 0.015000 0.020000
18 0.710000 0.843333 0.013333 0.023333
18 0.691667 0.862500 0.013333 0.018333
18 0.703333 0.863333 0.013333 0.016667
18 0.837500 0.837500 0.031667 0.015000
18 0.865833 0.850833 0.031667 0.015000
73 0.605833 0.834167 0.135000 0.061667
73 0.481667 0.802500 0.096667 0.051667
73 0.355833 0.760000 0.095000 0.056667
73 0.288333 0.745833 0.016667 0.025000
73 0.252500 0.735000 0.051667 0.043333
73 0.239167 0.786667 0.078333 0.090000
73 0.198333 0.718333 0.076667 0.053333
18 0.165000 0.202500 0.026667 0.011667
18 0.178333 0.175000 0.023333 0.013333
73 0.189167 0.260833 0.071667 0.085000
73 0.145833 0.305833 0.035000 0.035000
23 0.325833 0.187500 0.025000 0.018333
23 0.225000 0.188333 0.026667 0.023333
18 0.276667 0.255000 0.016667 0.026667
18 0.265000 0.250833 0.016667 0.025000
