18 0.553333 0.833333 0.026667 0.030000
18 0.499167 0.830833 0.018333 0.031667
18 0.455833 0.791667 0.018333 0.026667
18 0.654167 0.700000 0.025000 0.026667
18 0.471667 0.722500 0.020000 0.031667
18 0.475833 0.755000 0.021667 0.026667
18 0.460000 0.675000 0.016667 0.030000
18 0.360000 0.680000 0.030000 0.016667
18 0.367500 0.703333 0.025000 0.023333
18 0.367500 0.724167 0.021667 0.025000
18 0.734167 0.584167 0.021667 0.028333
18 0.463333 0.629167 0.023333 0.018333
18 0.461667 0.614167 0.030000 0.021667
18 0.455833 0.590833 0.025000 0.021667
18 0.430000 0.439167 0.023333 0.025000
18 0.424167 0.422500 0.031667 0.015000
18 0.319167 0.447500 0.028333 0.015000
18 0.319167 0.459167 0.021667 0.015000
18 0.319167 0.435833 0.028333 0.015000
18 0.317500 0.423333 0.028333 0.016667
18 0.421667 0.408333 0.030000 0.013333
18 0.413333 0.364167 0.030000 0.015000
18 0.419167 0.375833 0.025000 0.015000
18 0.395833 0.275833 0.018333 0.031667
18 0.286667 0.273333 0.026667 0.013333
18 0.289167 0.286667 0.025000 0.010000
18 0.254167 0.169167 0.028333 0.011667
18 0.242500 0.157500 0.028333 0.011667
18 0.269167 0.129167 0.015000 0.025000
18 0.702500 0.313333 0.011667 0.026667
18 0.690000 0.252500 0.016667 0.028333
18 0.760000 0.177500 0.016667 0.035000
18 0.762500 0.381667 0.015000 0.030000
18 0.873333 0.340000 0.020000 0.026667
18 0.780000 0.144167 0.033333 0.015000
18 0.776667 0.129167 0.026667 0.015000
18 0.725833 0.145833 0.015000 0.028333
18 0.764167 0.115833 0.031667 0.015000
73 0.185833 0.816667 0.081667 0.080000
73 0.633333 0.576667 0.083333 0.100000
73 0.605833 0.235833 0.065000 0.091667
73 0.475000 0.255000 0.080000 0.080000
73 0.640000 0.417500 0.063333 0.085000
73 0.495833 0.352500 0.061667 0.088333
73 0.520833 0.443333 0.091667 0.090000
73 0.188333 0.191667 0.086667 0.083333
73 0.207500 0.284167 0.081667 0.081667
73 0.225833 0.371667 0.111667 0.093333
73 0.246667 0.456667 0.100000 0.096667
73 0.190833 0.463333 0.038333 0.060000
73 0.250833 0.539167 0.125000 0.101667
73 0.270833 0.621667 0.125000 0.083333
73 0.303333 0.790833 0.066667 0.081667
73 0.825000 0.196667 0.053333 0.070000
73 0.404167 0.202500 0.028333 0.038333
73 0.422500 0.238333 0.035000 0.040000
73 0.522500 0.262500 0.028333 0.048333
73 0.449167 0.335833 0.035000 0.031667
73 0.620833 0.323333 0.071667 0.080000
73 0.727500 0.786667 0.108333 0.093333
18 0.665000 0.113333 0.026667 0.010000
18 0.666667 0.124167 0.026667 0.015000
73 0.444167 0.389167 0.025000 0.048333
73 0.450833 0.430000 0.025000 0.036667
73 0.640833 0.500000 0.095000 0.060000
73 0.543333 0.590833 0.060000 0.071667
73 0.490833 0.585000 0.041667 0.056667
73 0.557500 0.693333 0.088333 0.093333
