73 0.219167 0.795000 0.105000 0.076667
73 0.215000 0.739167 0.100000 0.078333
73 0.224167 0.686667 0.068333 0.060000
73 0.257500 0.647500 0.105000 0.078333
73 0.265833 0.592500 0.121667 0.085000
73 0.279167 0.538333 0.115000 0.080000
73 0.299167 0.492500 0.128333 0.078333
73 0.285833 0.426667 0.045000 0.050000
73 0.332500 0.446667 0.085000 0.073333
73 0.349167 0.393333 0.075000 0.060000
18 0.272500 0.361667 0.021667 0.030000
18 0.286667 0.326667 0.016667 0.023333
73 0.367500 0.325000 0.108333 0.113333
73 0.393333 0.265833 0.090000 0.071667
73 0.391667 0.212500 0.046667 0.045000
73 0.433333 0.216667 0.063333 0.063333
73 0.505833 0.205833 0.028333 0.031667
18 0.258333 0.254167 0.023333 0.018333
18 0.319167 0.249167 0.015000 0.021667
19 0.332500 0.216667 0.018333 0.030000
18 0.361667 0.155833 0.020000 0.025000
18 0.370833 0.127500 0.021667 0.025000
73 0.284167 0.240833 0.058333 0.048333
73 0.305000 0.197500 0.066667 0.065000
73 0.195833 0.295833 0.085000 0.095000
73 0.212500 0.405000 0.081667 0.086667
73 0.248333 0.325833 0.083333 0.108333
18 0.150000 0.444167 0.023333 0.018333
18 0.198333 0.526667 0.016667 0.023333
18 0.182500 0.569167 0.018333 0.025000
73 0.681667 0.773333 0.043333 0.046667
