18 0.196667 0.191667 0.016667 0.023333
18 0.291667 0.649167 0.030000 0.015000
18 0.211667 0.582500 0.016667 0.035000
18 0.224167 0.577500 0.015000 0.031667
18 0.198333 0.587500 0.016667 0.028333
18 0.185833 0.595000 0.011667 0.020000
18 0.170833 0.588333 0.018333 0.030000
18 0.149167 0.593333 0.015000 0.026667
18 0.135833 0.595833 0.018333 0.025000
18 0.125000 0.596667 0.020000 0.026667
18 0.244167 0.543333 0.031667 0.013333
18 0.245000 0.531667 0.030000 0.020000
18 0.240833 0.519167 0.028333 0.018333
18 0.232500 0.494167 0.028333 0.018333
18 0.228333 0.475833 0.030000 0.018333
18 0.223333 0.456667 0.030000 0.023333
18 0.225000 0.432500 0.030000 0.015000
18 0.354167 0.473333 0.031667 0.013333
18 0.307500 0.577500 0.018333 0.028333
18 0.349167 0.456667 0.028333 0.016667
18 0.341667 0.438333 0.033333 0.016667
18 0.346667 0.422500 0.026667 0.018333
18 0.341667 0.403333 0.033333 0.016667
18 0.335833 0.390000 0.028333 0.013333
18 0.333333 0.375000 0.030000 0.016667
18 0.338333 0.655833 0.016667 0.025000
18 0.210833 0.685000 0.018333 0.030000
18 0.203333 0.731667 0.020000 0.030000
18 0.194167 0.686667 0.018333 0.030000
18 0.173333 0.678333 0.020000 0.030000
18 0.156667 0.690000 0.016667 0.030000
18 0.182500 0.717500 0.025000 0.025000
18 0.149167 0.716667 0.021667 0.030000
18 0.127500 0.750833 0.021667 0.015000
73 0.157500 0.313333 0.035000 0.036667
73 0.135000 0.694167 0.026667 0.025000
73 0.270833 0.699167 0.051667 0.088333
73 0.310000 0.666667 0.036667 0.030000
73 0.247500 0.565833 0.031667 0.031667
73 0.268333 0.563333 0.026667 0.030000
21 0.205833 0.636667 0.045000 0.033333
