18 0.800833 0.820000 0.015000 0.026667
18 0.142500 0.675000 0.015000 0.023333
18 0.216667 0.671667 0.026667 0.013333
18 0.291667 0.645000 0.023333 0.013333
18 0.373333 0.617500 0.033333 0.015000
18 0.230000 0.455833 0.016667 0.028333
18 0.406667 0.504167 0.023333 0.015000
18 0.486667 0.496667 0.016667 0.026667
18 0.576667 0.560000 0.030000 0.016667
18 0.611667 0.590833 0.030000 0.011667
18 0.669167 0.301667 0.015000 0.023333
18 0.666667 0.275833 0.016667 0.025000
18 0.704167 0.243333 0.018333 0.033333
18 0.742500 0.240000 0.031667 0.013333
18 0.676667 0.203333 0.016667 0.026667
18 0.737500 0.202500 0.028333 0.011667
18 0.695833 0.133333 0.018333 0.026667
18 0.154167 0.370000 0.025000 0.016667
18 0.223333 0.285000 0.026667 0.013333
18 0.220000 0.298333 0.026667 0.013333
18 0.140000 0.301667 0.033333 0.016667
18 0.194167 0.264167 0.015000 0.025000
18 0.139167 0.280000 0.031667 0.013333
18 0.132500 0.268333 0.028333 0.016667
18 0.175000 0.184167 0.016667 0.025000
18 0.131667 0.253333 0.023333 0.016667
18 0.127500 0.232500 0.025000 0.015000
23 0.695000 0.295833 0.023333 0.035000
23 0.681667 0.352500 0.013333 0.025000
23 0.688333 0.378333 0.013333 0.026667
23 0.694167 0.404167 0.015000 0.028333
23 0.700833 0.436667 0.018333 0.030000
73 0.612500 0.356667 0.088333 0.093333
73 0.664167 0.649167 0.141667 0.135000
73 0.568333 0.409167 0.026667 0.038333
73 0.449167 0.392500 0.035000 0.088333
73 0.563333 0.643333 0.040000 0.030000
18 0.645000 0.183333 0.016667 0.030000
27 0.601667 0.750000 0.026667 0.073333
27 0.583333 0.752500 0.030000 0.078333
18 0.568333 0.781667 0.020000 0.026667
27 0.538333 0.800833 0.033333 0.078333
23 0.320833 0.608333 0.028333 0.016667
