18 0.404167 0.835833 0.018333 0.025000
18 0.344167 0.862500 0.015000 0.021667
18 0.326667 0.859167 0.016667 0.025000
18 0.307500 0.862500 0.018333 0.028333
18 0.275833 0.870833 0.018333 0.028333
18 0.260000 0.870833 0.013333 0.028333
18 0.314167 0.834167 0.028333 0.015000
18 0.181667 0.804167 0.020000 0.028333
18 0.159167 0.805000 0.021667 0.013333
18 0.361667 0.767500 0.020000 0.028333
18 0.302500 0.779167 0.018333 0.021667
18 0.460000 0.776667 0.030000 0.020000
18 0.257500 0.790000 0.018333 0.026667
18 0.221667 0.795833 0.023333 0.025000
18 0.238333 0.790833 0.020000 0.021667
18 0.386667 0.628333 0.026667 0.016667
18 0.390833 0.640000 0.028333 0.016667
18 0.387500 0.617500 0.025000 0.021667
18 0.211667 0.646667 0.026667 0.013333
18 0.331667 0.636667 0.020000 0.033333
18 0.309167 0.633333 0.028333 0.016667
18 0.274167 0.630833 0.018333 0.025000
18 0.300833 0.602500 0.025000 0.015000
18 0.292500 0.557500 0.028333 0.018333
18 0.205000 0.527500 0.030000 0.015000
18 0.380000 0.555833 0.026667 0.015000
18 0.366667 0.510000 0.026667 0.020000
18 0.215833 0.495000 0.028333 0.013333
18 0.206667 0.540000 0.030000 0.013333
18 0.380000 0.605000 0.023333 0.023333
18 0.383333 0.585833 0.030000 0.021667
18 0.305000 0.473333 0.023333 0.013333
18 0.370833 0.540000 0.028333 0.023333
18 0.358333 0.483333 0.026667 0.026667
18 0.303333 0.460833 0.033333 0.018333
18 0.186667 0.499167 0.030000 0.015000
18 0.462500 0.412500 0.025000 0.025000
18 0.428333 0.413333 0.026667 0.013333
18 0.414167 0.389167 0.028333 0.025000
18 0.155000 0.504167 0.023333 0.011667
18 0.299167 0.360833 0.025000 0.018333
18 0.226667 0.355000 0.030000 0.020000
18 0.229167 0.335000 0.028333 0.016667
18 0.201667 0.217500 0.030000 0.018333
18 0.200000 0.156667 0.030000 0.016667
18 0.402500 0.228333 0.031667 0.013333
18 0.670833 0.177500 0.018333 0.028333
18 0.844167 0.266667 0.031667 0.013333
18 0.861667 0.170833 0.026667 0.018333
18 0.648333 0.798333 0.016667 0.020000
18 0.674167 0.793333 0.018333 0.026667
18 0.740000 0.780000 0.013333 0.030000
18 0.725833 0.573333 0.028333 0.013333
18 0.721667 0.557500 0.030000 0.015000
73 0.568333 0.561667 0.263333 0.296667
73 0.318333 0.525833 0.030000 0.038333
73 0.179167 0.753333 0.075000 0.066667
21 0.843333 0.280833 0.050000 0.021667
21 0.637500 0.186667 0.035000 0.056667
23 0.267500 0.560000 0.018333 0.036667
18 0.206667 0.251667 0.033333 0.016667
18 0.345833 0.771667 0.015000 0.020000
18 0.354167 0.850000 0.015000 0.023333
