18 0.740000 0.139167 0.020000 0.025000
18 0.710833 0.168333 0.021667 0.030000
73 0.314167 0.610000 0.135000 0.146667
73 0.407500 0.651667 0.145000 0.140000
18 0.463333 0.694167 0.020000 0.028333
18 0.350000 0.742500 0.026667 0.018333
18 0.342500 0.697500 0.011667 0.025000
19 0.320000 0.686667 0.016667 0.023333
19 0.298333 0.676667 0.016667 0.023333
19 0.279167 0.671667 0.015000 0.030000
18 0.263333 0.659167 0.016667 0.025000
18 0.240833 0.645833 0.011667 0.018333
18 0.227500 0.642500 0.015000 0.018333
19 0.211667 0.635833 0.013333 0.025000
18 0.190000 0.626667 0.016667 0.023333
19 0.156667 0.615000 0.020000 0.026667
19 0.138333 0.605833 0.016667 0.025000
18 0.150833 0.455833 0.025000 0.018333
18 0.208333 0.479167 0.023333 0.018333
18 0.142500 0.250833 0.021667 0.015000
73 0.195000 0.420833 0.070000 0.101667
73 0.180000 0.315000 0.066667 0.086667
73 0.225000 0.334167 0.073333 0.095000
73 0.268333 0.354167 0.070000 0.081667
73 0.274167 0.430833 0.101667 0.085000
73 0.311667 0.375000 0.090000 0.100000
73 0.336667 0.484167 0.080000 0.095000
73 0.369167 0.395833 0.081667 0.091667
73 0.410000 0.420833 0.090000 0.105000
73 0.390000 0.496667 0.083333 0.106667
73 0.470000 0.443333 0.086667 0.086667
18 0.526667 0.406667 0.030000 0.016667
73 0.438333 0.503333 0.073333 0.070000
73 0.450833 0.554167 0.061667 0.045000
73 0.495833 0.528333 0.068333 0.060000
73 0.530000 0.459167 0.096667 0.081667
18 0.587500 0.511667 0.018333 0.023333
18 0.568333 0.553333 0.016667 0.023333
18 0.555833 0.580833 0.018333 0.021667
18 0.630000 0.331667 0.016667 0.023333
23 0.650000 0.291667 0.030000 0.046667
73 0.600833 0.280833 0.065000 0.058333
73 0.579167 0.336667 0.065000 0.066667
73 0.546667 0.264167 0.066667 0.058333
73 0.519167 0.328333 0.078333 0.106667
73 0.499167 0.234167 0.081667 0.081667
73 0.465833 0.307500 0.085000 0.105000
73 0.455000 0.214167 0.083333 0.078333
73 0.420000 0.287500 0.073333 0.095000
73 0.225833 0.206667 0.065000 0.090000
73 0.273333 0.218333 0.070000 0.076667
73 0.319167 0.242500 0.078333 0.088333
73 0.366667 0.272500 0.083333 0.105000
18 0.334167 0.822500 0.028333 0.021667
73 0.441667 0.830000 0.036667 0.033333
18 0.525000 0.679167 0.016667 0.021667
18 0.560833 0.663333 0.031667 0.023333
18 0.616667 0.687500 0.030000 0.018333
73 0.570833 0.737500 0.161667 0.151667
73 0.645833 0.765833 0.075000 0.101667
73 0.688333 0.777500 0.073333 0.095000
18 0.758333 0.750833 0.026667 0.021667
18 0.835833 0.781667 0.028333 0.020000
73 0.759167 0.212500 0.091667 0.105000
18 0.675833 0.452500 0.028333 0.018333
73 0.722500 0.297500 0.071667 0.058333
73 0.701667 0.334167 0.083333 0.065000
73 0.670000 0.398333 0.100000 0.096667
18 0.737500 0.272500 0.025000 0.018333
18 0.772500 0.286667 0.028333 0.020000
73 0.767500 0.345833 0.088333 0.095000
73 0.731667 0.409167 0.066667 0.065000
73 0.809167 0.366667 0.075000 0.093333
73 0.766667 0.437500 0.100000 0.095000
18 0.820833 0.513333 0.028333 0.016667
73 0.629167 0.510833 0.091667 0.101667
73 0.594167 0.582500 0.078333 0.095000
73 0.685000 0.531667 0.080000 0.100000
73 0.648333 0.615833 0.086667 0.108333
73 0.700833 0.619167 0.075000 0.091667
73 0.742500 0.557500 0.098333 0.115000
73 0.735000 0.656667 0.103333 0.110000
19 0.745000 0.709167 0.033333 0.018333
73 0.798333 0.670000 0.083333 0.110000
18 0.836667 0.740000 0.033333 0.016667
20 0.792500 0.728333 0.031667 0.023333
