23 0.269167 0.601667 0.055000 0.026667
18 0.163333 0.512500 0.030000 0.015000
18 0.207500 0.546667 0.025000 0.016667
18 0.199167 0.411667 0.025000 0.016667
18 0.305833 0.573333 0.028333 0.016667
23 0.489167 0.662500 0.028333 0.018333
18 0.407500 0.641667 0.028333 0.016667
18 0.390833 0.612500 0.035000 0.021667
18 0.443333 0.645000 0.030000 0.020000
18 0.457500 0.631667 0.028333 0.016667
18 0.447500 0.605833 0.028333 0.018333
18 0.457500 0.590000 0.025000 0.016667
23 0.565833 0.677500 0.058333 0.028333
18 0.565000 0.658333 0.023333 0.013333
18 0.560833 0.635833 0.025000 0.015000
18 0.570000 0.620833 0.026667 0.015000
18 0.615833 0.609167 0.038333 0.021667
18 0.608333 0.631667 0.026667 0.016667
18 0.599167 0.645000 0.028333 0.020000
18 0.603333 0.665833 0.030000 0.015000
18 0.525000 0.804167 0.023333 0.015000
18 0.642500 0.817500 0.025000 0.018333
