18 0.202500 0.663333 0.021667 0.013333
18 0.461667 0.519167 0.023333 0.015000
18 0.425000 0.506667 0.020000 0.013333
18 0.392500 0.495833 0.021667 0.015000
18 0.355000 0.485000 0.023333 0.013333
18 0.300833 0.469167 0.028333 0.015000
18 0.270000 0.459167 0.023333 0.015000
23 0.205000 0.440833 0.050000 0.025000
23 0.151667 0.423333 0.043333 0.023333
73 0.587500 0.379167 0.091667 0.215000
23 0.584167 0.576667 0.031667 0.016667
18 0.748333 0.603333 0.030000 0.016667
18 0.781667 0.613333 0.030000 0.016667
