18 0.877500 0.125833 0.021667 0.011667
73 0.273333 0.267500 0.053333 0.058333
18 0.279167 0.378333 0.025000 0.013333
18 0.370000 0.403333 0.030000 0.016667
18 0.435000 0.420833 0.023333 0.015000
18 0.373333 0.463333 0.023333 0.010000
18 0.405000 0.468333 0.026667 0.013333
18 0.435833 0.482500 0.025000 0.015000
18 0.477500 0.493333 0.028333 0.016667
18 0.508333 0.441667 0.033333 0.016667
18 0.555833 0.514167 0.025000 0.015000
18 0.593333 0.465000 0.023333 0.016667
18 0.625833 0.475000 0.028333 0.013333
18 0.671667 0.486667 0.030000 0.016667
18 0.649167 0.541667 0.025000 0.013333
18 0.675833 0.548333 0.021667 0.013333
18 0.713333 0.499167 0.023333 0.011667
18 0.780000 0.517500 0.026667 0.015000
18 0.745000 0.566667 0.026667 0.013333
18 0.812500 0.528333 0.025000 0.013333
18 0.840000 0.535000 0.026667 0.016667
73 0.640833 0.159167 0.055000 0.041667
73 0.815833 0.216667 0.031667 0.036667
