23 0.803333 0.295833 0.023333 0.035000
73 0.470000 0.618333 0.073333 0.070000
73 0.435833 0.645833 0.041667 0.041667
73 0.413333 0.656667 0.033333 0.030000
73 0.404167 0.678333 0.031667 0.030000
73 0.491667 0.575000 0.036667 0.033333
73 0.507500 0.593333 0.048333 0.046667
18 0.491667 0.647500 0.026667 0.025000
28 0.411667 0.755833 0.053333 0.048333
28 0.426667 0.765833 0.050000 0.041667
27 0.544167 0.775000 0.031667 0.036667
27 0.606667 0.811667 0.030000 0.026667
73 0.667500 0.473333 0.115000 0.116667
73 0.600833 0.458333 0.081667 0.083333
27 0.585000 0.388333 0.026667 0.040000
73 0.211667 0.246667 0.046667 0.033333
73 0.755000 0.630000 0.046667 0.040000
24 0.710833 0.173333 0.035000 0.066667
24 0.744167 0.167500 0.031667 0.055000
28 0.794167 0.501667 0.038333 0.060000
24 0.770000 0.175833 0.030000 0.058333
