18 0.857500 0.445833 0.028333 0.018333
18 0.851667 0.474167 0.023333 0.011667
73 0.785833 0.442500 0.071667 0.108333
73 0.840833 0.421667 0.045000 0.036667
73 0.773333 0.356667 0.046667 0.053333
73 0.675833 0.414167 0.081667 0.115000
73 0.614167 0.431667 0.061667 0.050000
73 0.620000 0.381667 0.066667 0.070000
73 0.647500 0.324167 0.118333 0.088333
18 0.594167 0.458333 0.025000 0.010000
18 0.504167 0.451667 0.025000 0.013333
18 0.496667 0.497500 0.013333 0.025000
18 0.582500 0.500833 0.011667 0.025000
18 0.594167 0.506667 0.015000 0.023333
18 0.607500 0.512500 0.015000 0.028333
73 0.563333 0.387500 0.073333 0.111667
73 0.505000 0.376667 0.083333 0.116667
73 0.447500 0.360000 0.068333 0.106667
73 0.481667 0.284167 0.080000 0.078333
73 0.389167 0.350833 0.081667 0.101667
73 0.430000 0.268333 0.050000 0.060000
73 0.390000 0.262500 0.050000 0.071667
73 0.340000 0.244167 0.083333 0.068333
73 0.287500 0.233333 0.048333 0.066667
18 0.411667 0.185000 0.013333 0.020000
18 0.552500 0.203333 0.011667 0.023333
18 0.202500 0.185833 0.025000 0.011667
73 0.224167 0.310000 0.078333 0.110000
73 0.298333 0.325000 0.103333 0.126667
18 0.213333 0.378333 0.023333 0.013333
18 0.410833 0.425833 0.025000 0.011667
18 0.445000 0.423333 0.033333 0.016667
18 0.490000 0.528333 0.016667 0.026667
18 0.480833 0.566667 0.015000 0.026667
18 0.473333 0.594167 0.013333 0.021667
73 0.775000 0.624167 0.103333 0.201667
73 0.700000 0.602500 0.093333 0.198333
73 0.640833 0.585833 0.098333 0.198333
73 0.577500 0.576667 0.071667 0.110000
73 0.562500 0.640833 0.068333 0.048333
73 0.527500 0.556667 0.095000 0.186667
73 0.450833 0.538333 0.095000 0.190000
73 0.391667 0.520000 0.100000 0.193333
73 0.303333 0.507500 0.166667 0.205000
23 0.259167 0.710000 0.021667 0.043333
23 0.202500 0.834167 0.021667 0.041667
73 0.728333 0.430833 0.066667 0.098333
23 0.232500 0.805833 0.025000 0.038333
73 0.206667 0.220000 0.080000 0.063333
