18 0.547500 0.845833 0.021667 0.025000
18 0.477500 0.792500 0.021667 0.025000
18 0.625000 0.695833 0.026667 0.028333
18 0.430000 0.780833 0.023333 0.021667
18 0.463333 0.747500 0.033333 0.028333
18 0.473333 0.735833 0.033333 0.021667
18 0.486667 0.715833 0.030000 0.025000
18 0.371667 0.629167 0.030000 0.018333
18 0.511667 0.604167 0.026667 0.015000
18 0.559167 0.596667 0.028333 0.016667
18 0.445000 0.494167 0.013333 0.025000
18 0.415833 0.498333 0.018333 0.026667
18 0.431667 0.495833 0.013333 0.021667
18 0.410000 0.395833 0.016667 0.028333
73 0.470000 0.525833 0.123333 0.068333
73 0.455833 0.400833 0.098333 0.105000
73 0.393333 0.186667 0.040000 0.033333
