18 0.159167 0.125000 0.015000 0.023333
18 0.172500 0.130833 0.018333 0.025000
73 0.199167 0.234167 0.068333 0.048333
18 0.845000 0.240000 0.016667 0.023333
18 0.825000 0.502500 0.026667 0.015000
18 0.730833 0.444167 0.018333 0.025000
73 0.605833 0.509167 0.121667 0.135000
73 0.675000 0.503333 0.076667 0.076667
73 0.651667 0.562500 0.060000 0.068333
73 0.700000 0.582500 0.076667 0.078333
73 0.727500 0.525833 0.068333 0.065000
73 0.754167 0.597500 0.085000 0.088333
73 0.780833 0.544167 0.078333 0.078333
73 0.569167 0.601667 0.088333 0.083333
73 0.540000 0.520833 0.053333 0.048333
73 0.529167 0.474167 0.041667 0.045000
73 0.622500 0.625833 0.078333 0.078333
73 0.679167 0.645000 0.071667 0.086667
73 0.716667 0.664167 0.066667 0.078333
73 0.765000 0.699167 0.056667 0.048333
73 0.410000 0.614167 0.083333 0.088333
73 0.457500 0.643333 0.085000 0.100000
73 0.509167 0.669167 0.075000 0.098333
73 0.558333 0.690000 0.076667 0.093333
73 0.617500 0.707500 0.071667 0.098333
73 0.664167 0.725833 0.075000 0.095000
73 0.705833 0.745000 0.078333 0.110000
18 0.877500 0.830833 0.018333 0.028333
18 0.461667 0.720000 0.036667 0.016667
73 0.380833 0.725000 0.098333 0.076667
73 0.347500 0.774167 0.078333 0.061667
18 0.419167 0.797500 0.018333 0.021667
18 0.405000 0.830000 0.023333 0.026667
73 0.468333 0.775000 0.070000 0.083333
18 0.528333 0.749167 0.030000 0.018333
18 0.648333 0.797500 0.023333 0.018333
18 0.685000 0.810833 0.026667 0.015000
18 0.715000 0.822500 0.020000 0.015000
73 0.511667 0.795000 0.083333 0.086667
73 0.320000 0.364167 0.090000 0.085000
18 0.152500 0.148333 0.028333 0.016667
73 0.215833 0.194167 0.075000 0.068333
73 0.526667 0.202500 0.053333 0.045000
