18 0.332500 0.165000 0.018333 0.023333
18 0.188333 0.313333 0.020000 0.026667
18 0.156667 0.289167 0.016667 0.028333
18 0.136667 0.639167 0.016667 0.025000
18 0.417500 0.424167 0.018333 0.011667
21 0.515000 0.452500 0.026667 0.015000
18 0.590000 0.475000 0.020000 0.013333
18 0.619167 0.482500 0.021667 0.015000
18 0.658333 0.495833 0.020000 0.015000
18 0.717500 0.515000 0.018333 0.013333
18 0.777500 0.530833 0.025000 0.015000
18 0.810833 0.543333 0.025000 0.013333
73 0.731667 0.817500 0.110000 0.075000
73 0.226667 0.825833 0.060000 0.045000
73 0.376667 0.680000 0.120000 0.070000
23 0.478333 0.683333 0.046667 0.026667
73 0.400000 0.574167 0.106667 0.091667
73 0.493333 0.631667 0.100000 0.083333
73 0.520000 0.570000 0.100000 0.090000
73 0.451667 0.490833 0.120000 0.071667
73 0.565833 0.530000 0.141667 0.083333
25 0.149167 0.360833 0.035000 0.088333
18 0.242500 0.400833 0.025000 0.025000
23 0.390833 0.207500 0.045000 0.038333
23 0.216667 0.429167 0.023333 0.028333
