18 0.833333 0.705000 0.030000 0.026667
18 0.249167 0.566667 0.018333 0.030000
18 0.265833 0.513333 0.018333 0.026667
18 0.180833 0.252500 0.021667 0.025000
11 0.477500 0.185833 0.088333 0.058333
73 0.544167 0.691667 0.118333 0.080000
73 0.424167 0.709167 0.078333 0.081667
23 0.581667 0.880833 0.046667 0.015000
73 0.666667 0.602500 0.070000 0.081667
73 0.527500 0.295833 0.121667 0.098333
73 0.460833 0.341667 0.075000 0.070000
73 0.416667 0.381667 0.086667 0.080000
73 0.453333 0.767500 0.056667 0.048333
18 0.551667 0.785833 0.023333 0.015000
73 0.539167 0.548333 0.041667 0.046667
73 0.268333 0.181667 0.040000 0.030000
73 0.325833 0.410000 0.045000 0.040000
