73 0.359167 0.490000 0.031667 0.096667
73 0.323333 0.487500 0.056667 0.108333
73 0.280000 0.478333 0.066667 0.103333
73 0.226667 0.469167 0.070000 0.105000
73 0.176667 0.467500 0.043333 0.105000
73 0.288333 0.627500 0.123333 0.085000
73 0.196667 0.612500 0.020000 0.015000
73 0.316667 0.695000 0.046667 0.050000
73 0.284167 0.685000 0.041667 0.056667
73 0.291667 0.731667 0.070000 0.046667
73 0.236667 0.720000 0.053333 0.043333
73 0.266667 0.785000 0.046667 0.050000
73 0.287500 0.845833 0.031667 0.031667
73 0.314167 0.844167 0.031667 0.035000
73 0.180833 0.784167 0.058333 0.088333
