18 0.172500 0.389167 0.011667 0.021667
18 0.193333 0.395833 0.013333 0.015000
18 0.216667 0.405833 0.016667 0.025000
18 0.230000 0.410000 0.020000 0.026667
18 0.263333 0.428333 0.016667 0.020000
18 0.276667 0.433333 0.016667 0.020000
73 0.322500 0.387500 0.071667 0.048333
73 0.439167 0.442500 0.208333 0.131667
18 0.506667 0.810833 0.030000 0.018333
18 0.505000 0.825833 0.023333 0.015000
18 0.494167 0.850833 0.018333 0.011667
18 0.494167 0.864167 0.021667 0.015000
18 0.493333 0.879167 0.023333 0.011667
18 0.605833 0.737500 0.015000 0.018333
73 0.726667 0.509167 0.126667 0.061667
89 0.610833 0.542500 0.081667 0.081667
91 0.590833 0.591667 0.071667 0.026667
18 0.862500 0.557500 0.018333 0.025000
18 0.852500 0.593333 0.018333 0.026667
23 0.844167 0.625000 0.018333 0.026667
91 0.760000 0.679167 0.030000 0.068333
91 0.775833 0.678333 0.028333 0.063333
91 0.673333 0.739167 0.070000 0.028333
91 0.674167 0.755000 0.071667 0.026667
91 0.615000 0.754167 0.036667 0.065000
91 0.545833 0.790833 0.031667 0.068333
91 0.558333 0.807500 0.033333 0.068333
18 0.816667 0.876667 0.020000 0.010000
18 0.800833 0.861667 0.011667 0.023333
18 0.817500 0.861667 0.018333 0.010000
27 0.821667 0.832500 0.036667 0.018333
73 0.806667 0.656667 0.026667 0.036667
73 0.816667 0.620000 0.020000 0.036667
26 0.770000 0.731667 0.053333 0.030000
26 0.555833 0.707500 0.025000 0.035000
26 0.572500 0.723333 0.025000 0.053333
26 0.307500 0.752500 0.091667 0.035000
