18 0.868333 0.303333 0.026667 0.020000
18 0.849167 0.315000 0.025000 0.016667
18 0.812500 0.318333 0.025000 0.013333
18 0.820833 0.305833 0.018333 0.011667
18 0.849167 0.327500 0.028333 0.011667
18 0.850833 0.340000 0.021667 0.013333
18 0.847500 0.353333 0.021667 0.013333
18 0.845833 0.375833 0.021667 0.015000
18 0.843333 0.390000 0.023333 0.013333
18 0.834167 0.408333 0.025000 0.016667
18 0.820833 0.426667 0.021667 0.016667
18 0.805000 0.452500 0.026667 0.015000
18 0.782500 0.470833 0.021667 0.015000
18 0.775833 0.426667 0.021667 0.016667
18 0.775000 0.413333 0.023333 0.013333
18 0.787500 0.401667 0.031667 0.013333
18 0.502500 0.411667 0.021667 0.016667
18 0.833333 0.517500 0.013333 0.025000
18 0.820000 0.518333 0.016667 0.023333
18 0.806667 0.517500 0.016667 0.025000
18 0.791667 0.511667 0.013333 0.020000
18 0.750833 0.508333 0.018333 0.026667
18 0.738333 0.504167 0.016667 0.028333
18 0.725833 0.501667 0.015000 0.023333
18 0.710833 0.498333 0.015000 0.023333
18 0.696667 0.495833 0.013333 0.021667
18 0.684167 0.495000 0.015000 0.026667
18 0.672500 0.491667 0.018333 0.026667
18 0.659167 0.490000 0.015000 0.023333
18 0.645000 0.484167 0.016667 0.025000
18 0.632500 0.479167 0.018333 0.025000
18 0.618333 0.480000 0.016667 0.023333
18 0.605833 0.476667 0.018333 0.026667
18 0.590833 0.472500 0.018333 0.025000
18 0.575000 0.473333 0.016667 0.023333
18 0.562500 0.467500 0.018333 0.025000
18 0.548333 0.466667 0.016667 0.023333
18 0.536667 0.464167 0.016667 0.025000
18 0.523333 0.455833 0.016667 0.028333
20 0.499167 0.453333 0.018333 0.026667
18 0.454167 0.636667 0.021667 0.013333
18 0.390833 0.545000 0.018333 0.026667
18 0.245000 0.683333 0.020000 0.026667
18 0.265833 0.678333 0.018333 0.023333
18 0.282500 0.587500 0.018333 0.025000
18 0.237500 0.629167 0.018333 0.025000
18 0.252500 0.553333 0.021667 0.030000
18 0.248333 0.493333 0.016667 0.023333
18 0.304167 0.493333 0.015000 0.020000
23 0.278333 0.505833 0.026667 0.055000
18 0.334167 0.359167 0.018333 0.028333
20 0.274167 0.357500 0.018333 0.025000
23 0.313333 0.349167 0.036667 0.088333
18 0.869167 0.510833 0.018333 0.021667
18 0.810833 0.436667 0.028333 0.013333
28 0.357500 0.668333 0.071667 0.063333
18 0.223333 0.754167 0.016667 0.025000
73 0.423333 0.716667 0.066667 0.066667
73 0.478333 0.725833 0.066667 0.045000
73 0.643333 0.760833 0.180000 0.075000
18 0.846667 0.866667 0.033333 0.013333
73 0.531667 0.543333 0.143333 0.123333
73 0.690833 0.579167 0.165000 0.128333
18 0.369167 0.731667 0.018333 0.026667
18 0.522500 0.254167 0.025000 0.018333
73 0.630000 0.339167 0.226667 0.128333
23 0.355833 0.259167 0.018333 0.025000
73 0.235833 0.224167 0.088333 0.068333
18 0.355833 0.152500 0.015000 0.025000
18 0.377500 0.160000 0.015000 0.023333
18 0.364167 0.127500 0.015000 0.025000
18 0.432500 0.138333 0.015000 0.023333
29 0.665833 0.195833 0.041667 0.035000
73 0.190833 0.501667 0.088333 0.106667
73 0.230000 0.286667 0.080000 0.066667
73 0.168333 0.268333 0.056667 0.056667
