18 0.685833 0.835833 0.028333 0.018333
18 0.786667 0.757500 0.020000 0.025000
18 0.662500 0.870833 0.028333 0.021667
18 0.770833 0.692500 0.021667 0.025000
18 0.845833 0.676667 0.025000 0.030000
18 0.759167 0.686667 0.025000 0.023333
18 0.740833 0.675833 0.021667 0.025000
18 0.732500 0.671667 0.021667 0.023333
18 0.719167 0.727500 0.021667 0.021667
18 0.731667 0.735000 0.020000 0.023333
18 0.640833 0.701667 0.031667 0.030000
18 0.619167 0.737500 0.028333 0.025000
18 0.668333 0.720833 0.026667 0.025000
18 0.543333 0.466667 0.026667 0.023333
18 0.526667 0.486667 0.030000 0.030000
18 0.785833 0.620833 0.028333 0.021667
18 0.587500 0.671667 0.025000 0.023333
18 0.555000 0.654167 0.030000 0.025000
18 0.540000 0.677500 0.026667 0.021667
18 0.445833 0.660833 0.025000 0.021667
18 0.135000 0.809167 0.023333 0.025000
18 0.145000 0.684167 0.016667 0.031667
18 0.206667 0.662500 0.020000 0.021667
18 0.181667 0.643333 0.020000 0.023333
18 0.167500 0.631667 0.021667 0.023333
18 0.139167 0.655833 0.015000 0.028333
73 0.255833 0.779167 0.098333 0.098333
73 0.764167 0.433333 0.091667 0.086667
73 0.690000 0.371667 0.046667 0.040000
21 0.509167 0.505833 0.025000 0.015000
18 0.645000 0.631667 0.013333 0.020000
73 0.323333 0.655000 0.126667 0.126667
73 0.411667 0.658333 0.070000 0.093333
73 0.272500 0.532500 0.068333 0.065000
73 0.715833 0.613333 0.178333 0.200000
73 0.691667 0.518333 0.086667 0.080000
73 0.675833 0.568333 0.048333 0.046667
73 0.561667 0.582500 0.066667 0.058333
