18 0.830000 0.147500 0.023333 0.015000
77 0.577500 0.384167 0.195000 0.131667
73 0.823333 0.236667 0.063333 0.066667
18 0.295000 0.150000 0.030000 0.020000
18 0.405833 0.196667 0.031667 0.020000
73 0.750833 0.200000 0.121667 0.076667
73 0.544167 0.220833 0.045000 0.045000
73 0.635000 0.225833 0.130000 0.105000
73 0.750833 0.262500 0.141667 0.098333
18 0.145000 0.240000 0.026667 0.026667
18 0.129167 0.264167 0.021667 0.025000
73 0.190000 0.272500 0.076667 0.091667
73 0.229167 0.290833 0.095000 0.105000
73 0.326667 0.210833 0.073333 0.051667
73 0.307500 0.256667 0.088333 0.083333
73 0.361667 0.255833 0.096667 0.098333
73 0.419167 0.287500 0.061667 0.055000
73 0.465000 0.290000 0.090000 0.110000
73 0.749167 0.500833 0.111667 0.105000
73 0.656667 0.580000 0.066667 0.093333
73 0.607500 0.570000 0.095000 0.110000
73 0.350833 0.470000 0.095000 0.093333
73 0.398333 0.508333 0.063333 0.073333
73 0.440000 0.512500 0.056667 0.081667
73 0.527500 0.527500 0.148333 0.121667
73 0.400000 0.321667 0.073333 0.053333
73 0.320833 0.347500 0.091667 0.061667
18 0.187500 0.343333 0.025000 0.016667
18 0.163333 0.334167 0.023333 0.015000
19 0.140833 0.375833 0.038333 0.028333
73 0.590000 0.315000 0.066667 0.043333
73 0.350833 0.767500 0.065000 0.058333
73 0.249167 0.811667 0.048333 0.063333
19 0.131667 0.419167 0.026667 0.018333
