73 0.405833 0.221667 0.091667 0.106667
18 0.454167 0.257500 0.021667 0.015000
18 0.679167 0.147500 0.018333 0.015000
18 0.737500 0.166667 0.021667 0.013333
18 0.747500 0.216667 0.021667 0.013333
18 0.266667 0.390833 0.030000 0.011667
18 0.137500 0.339167 0.018333 0.031667
73 0.409167 0.336667 0.108333 0.083333
73 0.478333 0.365833 0.040000 0.031667
73 0.503333 0.324167 0.053333 0.035000
73 0.540833 0.353333 0.035000 0.073333
18 0.478333 0.522500 0.016667 0.028333
73 0.494167 0.527500 0.028333 0.035000
