18 0.204167 0.810000 0.015000 0.020000
18 0.287500 0.834167 0.015000 0.021667
18 0.229167 0.807500 0.025000 0.031667
18 0.302500 0.771667 0.018333 0.026667
18 0.347500 0.830000 0.028333 0.020000
18 0.352500 0.845000 0.025000 0.016667
18 0.308333 0.809167 0.016667 0.028333
18 0.292500 0.729167 0.021667 0.031667
18 0.592500 0.735833 0.025000 0.021667
18 0.594167 0.753333 0.035000 0.023333
18 0.574167 0.658333 0.025000 0.020000
18 0.152500 0.805833 0.025000 0.025000
18 0.561667 0.554167 0.033333 0.015000
18 0.495833 0.595833 0.021667 0.031667
18 0.300000 0.640000 0.013333 0.030000
18 0.277500 0.635833 0.018333 0.028333
18 0.294167 0.610833 0.028333 0.015000
18 0.273333 0.602500 0.016667 0.031667
18 0.173333 0.629167 0.013333 0.025000
18 0.158333 0.636667 0.016667 0.026667
18 0.143333 0.631667 0.013333 0.026667
18 0.126667 0.635000 0.016667 0.026667
18 0.286667 0.566667 0.026667 0.013333
18 0.284167 0.552500 0.028333 0.015000
18 0.257500 0.529167 0.015000 0.028333
18 0.253333 0.495833 0.013333 0.025000
18 0.269167 0.470833 0.025000 0.015000
18 0.162500 0.559167 0.015000 0.025000
18 0.222500 0.527500 0.015000 0.025000
18 0.266667 0.458333 0.023333 0.013333
18 0.148333 0.492500 0.013333 0.028333
18 0.449167 0.445833 0.018333 0.021667
18 0.444167 0.535833 0.028333 0.018333
18 0.240833 0.436667 0.015000 0.030000
18 0.162500 0.390000 0.018333 0.030000
18 0.140000 0.440000 0.013333 0.023333
18 0.135833 0.413333 0.015000 0.026667
18 0.258333 0.429167 0.026667 0.015000
18 0.308333 0.401667 0.030000 0.013333
18 0.304167 0.386667 0.021667 0.010000
18 0.244167 0.329167 0.028333 0.015000
18 0.226667 0.358333 0.020000 0.030000
18 0.247500 0.364167 0.028333 0.015000
18 0.124167 0.370833 0.018333 0.028333
18 0.238333 0.312500 0.030000 0.018333
18 0.214167 0.302500 0.018333 0.028333
18 0.208333 0.275000 0.020000 0.030000
18 0.137500 0.235833 0.015000 0.025000
18 0.200833 0.214167 0.018333 0.031667
18 0.228333 0.252500 0.026667 0.015000
18 0.224167 0.213333 0.018333 0.013333
18 0.427500 0.114167 0.021667 0.011667
18 0.122500 0.180000 0.015000 0.023333
18 0.160833 0.504167 0.011667 0.028333
73 0.347500 0.770000 0.041667 0.046667
18 0.533333 0.555000 0.016667 0.023333
18 0.540000 0.576667 0.016667 0.026667
73 0.513333 0.555000 0.063333 0.130000
73 0.469167 0.475000 0.095000 0.043333
73 0.475833 0.385833 0.055000 0.115000
73 0.418333 0.715000 0.150000 0.056667
18 0.550833 0.640000 0.038333 0.020000
73 0.540833 0.723333 0.065000 0.136667
73 0.565000 0.796667 0.036667 0.030000
73 0.788333 0.448333 0.056667 0.056667
73 0.482500 0.168333 0.031667 0.050000
18 0.287500 0.270833 0.011667 0.015000
18 0.275833 0.274167 0.011667 0.015000
19 0.184167 0.325833 0.028333 0.065000
23 0.426667 0.443333 0.013333 0.036667
73 0.554167 0.484167 0.015000 0.008333
