18 0.324167 0.115833 0.021667 0.011667
73 0.461667 0.225833 0.046667 0.038333
73 0.229167 0.549167 0.048333 0.048333
73 0.294167 0.737500 0.058333 0.121667
73 0.338333 0.741667 0.053333 0.066667
73 0.398333 0.750833 0.100000 0.071667
18 0.511667 0.756667 0.023333 0.013333
18 0.539167 0.826667 0.021667 0.013333
18 0.505833 0.800000 0.018333 0.013333
73 0.661667 0.804167 0.143333 0.085000
18 0.650000 0.165000 0.026667 0.013333
73 0.474167 0.388333 0.048333 0.056667
73 0.824167 0.483333 0.075000 0.046667
73 0.400000 0.385833 0.146667 0.285000
18 0.567500 0.151667 0.028333 0.020000
73 0.628333 0.405833 0.120000 0.078333
73 0.525000 0.489167 0.106667 0.081667
73 0.800000 0.575833 0.053333 0.051667
18 0.532500 0.849167 0.025000 0.015000
18 0.510000 0.771667 0.020000 0.020000
