73 0.660000 0.200833 0.083333 0.048333
18 0.690000 0.254167 0.016667 0.025000
18 0.205833 0.628333 0.021667 0.016667
73 0.541667 0.357500 0.130000 0.108333
73 0.526667 0.195833 0.113333 0.065000
73 0.374167 0.424167 0.101667 0.085000
73 0.357500 0.510000 0.108333 0.046667
73 0.590000 0.477500 0.143333 0.128333
73 0.765833 0.523333 0.111667 0.113333
73 0.398333 0.247500 0.110000 0.058333
73 0.385833 0.329167 0.118333 0.091667
73 0.245833 0.365833 0.101667 0.185000
73 0.818333 0.277500 0.046667 0.098333
73 0.516667 0.264167 0.093333 0.068333
73 0.650833 0.620833 0.091667 0.098333
73 0.265833 0.607500 0.075000 0.098333
73 0.790000 0.368333 0.053333 0.083333
73 0.640000 0.280833 0.090000 0.061667
73 0.348333 0.614167 0.046667 0.095000
73 0.256667 0.521667 0.046667 0.096667
73 0.453333 0.560000 0.063333 0.043333
