18 0.235833 0.375000 0.028333 0.013333
18 0.233333 0.363333 0.023333 0.010000
18 0.170833 0.707500 0.011667 0.015000
19 0.312500 0.740000 0.061667 0.016667
19 0.537500 0.708333 0.058333 0.020000
19 0.448333 0.694167 0.063333 0.021667
18 0.180833 0.649167 0.008333 0.018333
19 0.346667 0.705000 0.063333 0.020000
24 0.115833 0.145833 0.008333 0.028333
19 0.168333 0.552500 0.020000 0.051667
19 0.478333 0.671667 0.066667 0.016667
19 0.282500 0.712500 0.068333 0.021667
73 0.292500 0.371667 0.078333 0.106667
73 0.360833 0.368333 0.055000 0.096667
19 0.395833 0.472500 0.058333 0.025000
27 0.669167 0.594167 0.015000 0.055000
27 0.711667 0.650833 0.060000 0.018333
27 0.715833 0.635000 0.055000 0.013333
27 0.714167 0.620000 0.058333 0.013333
27 0.716667 0.605000 0.056667 0.013333
27 0.713333 0.590833 0.053333 0.011667
27 0.713333 0.576667 0.053333 0.016667
27 0.713333 0.559167 0.056667 0.015000
27 0.710000 0.544167 0.060000 0.015000
27 0.708333 0.531667 0.056667 0.016667
27 0.711667 0.514167 0.056667 0.018333
27 0.710000 0.500833 0.050000 0.018333
27 0.710000 0.483333 0.063333 0.013333
27 0.718333 0.467500 0.053333 0.015000
27 0.715833 0.454167 0.058333 0.018333
27 0.715000 0.440833 0.056667 0.018333
27 0.710833 0.425000 0.058333 0.013333
27 0.669167 0.532500 0.018333 0.055000
27 0.670833 0.470833 0.021667 0.055000
27 0.462500 0.152500 0.055000 0.015000
73 0.334167 0.595000 0.151667 0.223333
19 0.625000 0.577500 0.030000 0.058333
73 0.497500 0.565833 0.235000 0.195000
18 0.206667 0.790000 0.013333 0.020000
18 0.150833 0.687500 0.008333 0.011667
18 0.187500 0.683333 0.008333 0.010000
27 0.635000 0.261667 0.026667 0.056667
27 0.600000 0.284167 0.056667 0.018333
27 0.600833 0.316667 0.058333 0.016667
73 0.536667 0.282500 0.066667 0.131667
18 0.145833 0.554167 0.018333 0.025000
27 0.628333 0.376667 0.013333 0.060000
18 0.148333 0.441667 0.016667 0.023333
73 0.701667 0.259167 0.046667 0.065000
27 0.598333 0.264167 0.063333 0.021667
27 0.587500 0.246667 0.055000 0.020000
