18 0.127500 0.556667 0.021667 0.013333
18 0.427500 0.190833 0.015000 0.018333
18 0.129167 0.534167 0.025000 0.011667
73 0.245833 0.400000 0.141667 0.123333
73 0.686667 0.233333 0.140000 0.130000
73 0.604167 0.352500 0.131667 0.141667
73 0.575833 0.476667 0.101667 0.103333
73 0.334167 0.592500 0.165000 0.191667
73 0.449167 0.630000 0.178333 0.183333
24 0.162500 0.856667 0.031667 0.043333
17 0.162500 0.146667 0.015000 0.013333
18 0.175000 0.436667 0.013333 0.020000
73 0.212500 0.674167 0.108333 0.141667
18 0.162500 0.435000 0.011667 0.023333
73 0.386667 0.420000 0.126667 0.133333
18 0.130833 0.522500 0.021667 0.008333
73 0.620833 0.659167 0.175000 0.115000
77 0.223333 0.529167 0.103333 0.145000
17 0.182500 0.128333 0.015000 0.023333
18 0.155000 0.161667 0.016667 0.023333
17 0.167500 0.136667 0.015000 0.013333
18 0.127500 0.569167 0.021667 0.008333
18 0.126667 0.543333 0.023333 0.010000
73 0.503333 0.443333 0.113333 0.090000
18 0.132500 0.253333 0.018333 0.020000
18 0.136667 0.485000 0.030000 0.023333
18 0.479167 0.850833 0.018333 0.025000
18 0.135000 0.743333 0.026667 0.020000
73 0.490833 0.311667 0.085000 0.136667
