19 0.265833 0.291667 0.025000 0.053333
18 0.223333 0.202500 0.013333 0.021667
19 0.254167 0.221667 0.018333 0.056667
19 0.364167 0.515000 0.031667 0.023333
18 0.284167 0.419167 0.015000 0.018333
19 0.315833 0.449167 0.045000 0.051667
18 0.503333 0.625833 0.013333 0.025000
18 0.692500 0.528333 0.011667 0.020000
73 0.437500 0.258333 0.055000 0.073333
18 0.715833 0.532500 0.011667 0.021667
18 0.515000 0.625833 0.016667 0.015000
73 0.487500 0.378333 0.075000 0.070000
18 0.733333 0.533333 0.020000 0.023333
19 0.321667 0.718333 0.026667 0.050000
19 0.374167 0.498333 0.038333 0.020000
19 0.335833 0.655833 0.025000 0.061667
19 0.249167 0.626667 0.041667 0.036667
18 0.703333 0.531667 0.013333 0.020000
18 0.247500 0.151667 0.015000 0.020000
18 0.166667 0.146667 0.010000 0.016667
19 0.217500 0.515000 0.035000 0.016667
18 0.768333 0.607500 0.030000 0.015000
18 0.680833 0.745833 0.018333 0.028333
