18 0.377500 0.785833 0.021667 0.011667
24 0.660833 0.689167 0.025000 0.028333
18 0.136667 0.770833 0.023333 0.011667
18 0.135000 0.784167 0.023333 0.011667
73 0.520000 0.221667 0.126667 0.113333
18 0.434167 0.252500 0.018333 0.011667
18 0.462500 0.140000 0.021667 0.013333
18 0.663333 0.201667 0.013333 0.020000
18 0.650000 0.285000 0.013333 0.016667
18 0.269167 0.514167 0.015000 0.021667
18 0.419167 0.385000 0.021667 0.010000
18 0.634167 0.398333 0.011667 0.020000
18 0.680833 0.483333 0.018333 0.010000
73 0.496667 0.350833 0.126667 0.115000
73 0.414167 0.618333 0.081667 0.060000
18 0.434167 0.225000 0.021667 0.013333
18 0.680833 0.472500 0.015000 0.008333
24 0.187500 0.771667 0.031667 0.010000
73 0.370833 0.524167 0.068333 0.118333
73 0.400000 0.715833 0.066667 0.055000
18 0.268333 0.540833 0.023333 0.025000
18 0.351667 0.456667 0.023333 0.013333
18 0.545833 0.448333 0.031667 0.013333
18 0.379167 0.440000 0.021667 0.013333
18 0.417500 0.347500 0.025000 0.018333
18 0.122500 0.611667 0.018333 0.033333
18 0.646667 0.336667 0.023333 0.023333
18 0.412500 0.370833 0.035000 0.011667
18 0.495000 0.426667 0.023333 0.013333
18 0.188333 0.603333 0.023333 0.030000
73 0.475833 0.498333 0.101667 0.120000
73 0.295833 0.674167 0.088333 0.065000
18 0.552500 0.410000 0.028333 0.013333
18 0.544167 0.437500 0.038333 0.011667
