18 0.744167 0.297500 0.018333 0.015000
18 0.713333 0.301667 0.026667 0.013333
73 0.608333 0.798333 0.040000 0.036667
73 0.670000 0.813333 0.106667 0.063333
73 0.415000 0.703333 0.066667 0.083333
18 0.777500 0.339167 0.018333 0.011667
18 0.826667 0.316667 0.026667 0.013333
73 0.357500 0.460833 0.081667 0.068333
18 0.659167 0.319167 0.018333 0.011667
18 0.667500 0.295833 0.025000 0.015000
18 0.786667 0.292500 0.026667 0.011667
73 0.715833 0.560833 0.138333 0.071667
18 0.766667 0.380833 0.023333 0.011667
18 0.775833 0.360000 0.021667 0.013333
18 0.655833 0.330000 0.011667 0.016667
73 0.802500 0.530833 0.081667 0.061667
18 0.678333 0.274167 0.026667 0.021667
18 0.817500 0.141667 0.021667 0.026667
18 0.819167 0.340833 0.025000 0.011667
73 0.564167 0.625833 0.058333 0.061667
18 0.785000 0.303333 0.030000 0.010000
18 0.664167 0.307500 0.025000 0.015000
18 0.781667 0.325833 0.023333 0.011667
73 0.318333 0.615000 0.073333 0.063333
73 0.247500 0.242500 0.128333 0.115000
18 0.785000 0.315000 0.020000 0.010000
18 0.827500 0.305000 0.031667 0.013333
18 0.824167 0.328333 0.028333 0.013333
18 0.774167 0.350000 0.028333 0.010000
