18 0.348333 0.607500 0.013333 0.015000
18 0.342500 0.594167 0.011667 0.018333
18 0.345000 0.459167 0.013333 0.018333
18 0.666667 0.169167 0.020000 0.021667
73 0.728333 0.377500 0.083333 0.131667
18 0.720000 0.761667 0.020000 0.010000
24 0.321667 0.551667 0.020000 0.023333
18 0.352500 0.475833 0.018333 0.025000
18 0.218333 0.544167 0.023333 0.015000
18 0.220833 0.525000 0.025000 0.013333
18 0.354167 0.429167 0.018333 0.025000
18 0.811667 0.475833 0.013333 0.021667
21 0.311667 0.652500 0.016667 0.025000
18 0.799167 0.474167 0.015000 0.025000
18 0.305833 0.606667 0.015000 0.023333
18 0.257500 0.795833 0.011667 0.018333
18 0.231667 0.459167 0.016667 0.011667
18 0.210833 0.573333 0.018333 0.013333
18 0.317500 0.578333 0.018333 0.016667
18 0.216667 0.554167 0.023333 0.008333
18 0.849167 0.485000 0.011667 0.020000
18 0.352500 0.563333 0.018333 0.020000
21 0.292500 0.637500 0.021667 0.021667
18 0.376667 0.433333 0.020000 0.023333
18 0.329167 0.634167 0.021667 0.025000
21 0.328333 0.528333 0.013333 0.026667
18 0.335000 0.576667 0.013333 0.016667
18 0.232500 0.795000 0.015000 0.020000
18 0.224167 0.501667 0.021667 0.013333
18 0.335833 0.555833 0.015000 0.025000
18 0.335833 0.483333 0.018333 0.020000
18 0.329167 0.505833 0.015000 0.021667
18 0.836667 0.478333 0.013333 0.023333
18 0.370000 0.463333 0.016667 0.023333
