18 0.790000 0.775000 0.023333 0.010000
73 0.412500 0.665000 0.068333 0.120000
73 0.427500 0.792500 0.025000 0.011667
73 0.560833 0.821667 0.078333 0.050000
73 0.424167 0.389167 0.151667 0.145000
73 0.512500 0.355000 0.048333 0.083333
18 0.138333 0.820000 0.023333 0.020000
34 0.237500 0.236667 0.105000 0.043333
34 0.337500 0.210000 0.105000 0.043333
34 0.269167 0.140833 0.108333 0.035000
34 0.437500 0.182500 0.108333 0.048333
34 0.539167 0.150000 0.108333 0.046667
18 0.780000 0.591667 0.013333 0.016667
73 0.537500 0.694167 0.121667 0.071667
73 0.671667 0.823333 0.086667 0.060000
73 0.542500 0.588333 0.121667 0.056667
18 0.760000 0.591667 0.026667 0.026667
