18 0.778333 0.840833 0.010000 0.018333
18 0.580000 0.515000 0.013333 0.020000
18 0.643333 0.555000 0.020000 0.013333
20 0.594167 0.331667 0.015000 0.026667
18 0.406667 0.724167 0.020000 0.015000
18 0.519167 0.780833 0.011667 0.018333
73 0.274167 0.805833 0.098333 0.058333
18 0.499167 0.766667 0.011667 0.023333
18 0.754167 0.535000 0.021667 0.016667
18 0.750833 0.570000 0.025000 0.020000
18 0.690000 0.235833 0.026667 0.015000
18 0.165000 0.752500 0.023333 0.011667
18 0.682500 0.164167 0.028333 0.011667
18 0.717500 0.477500 0.021667 0.025000
18 0.496667 0.732500 0.023333 0.018333
18 0.752500 0.523333 0.025000 0.016667
18 0.591667 0.182500 0.013333 0.028333
18 0.690833 0.221667 0.028333 0.016667
18 0.751667 0.550833 0.023333 0.018333
18 0.176667 0.764167 0.033333 0.011667
18 0.508333 0.765833 0.013333 0.021667
18 0.260833 0.736667 0.028333 0.006667
73 0.377500 0.799167 0.105000 0.058333
18 0.380000 0.735000 0.023333 0.013333
18 0.207500 0.740833 0.035000 0.021667
18 0.641667 0.262500 0.030000 0.018333
18 0.653333 0.310000 0.033333 0.013333
18 0.432500 0.730833 0.028333 0.011667
73 0.315833 0.668333 0.081667 0.053333
73 0.742500 0.274167 0.088333 0.081667
