21 0.326667 0.220000 0.023333 0.013333
18 0.384167 0.192500 0.021667 0.018333
18 0.822500 0.554167 0.015000 0.011667
18 0.615833 0.531667 0.018333 0.010000
18 0.870000 0.428333 0.010000 0.016667
18 0.822500 0.481667 0.018333 0.016667
18 0.858333 0.502500 0.016667 0.025000
73 0.735000 0.597500 0.070000 0.078333
73 0.715833 0.457500 0.095000 0.045000
73 0.231667 0.264167 0.080000 0.121667
73 0.517500 0.234167 0.135000 0.108333
73 0.350833 0.305833 0.111667 0.071667
73 0.153333 0.555833 0.040000 0.065000
73 0.635000 0.769167 0.166667 0.091667
73 0.523333 0.573333 0.110000 0.083333
73 0.207500 0.670000 0.088333 0.086667
18 0.795000 0.691667 0.026667 0.020000
