18 0.545000 0.173333 0.006667 0.026667
18 0.239167 0.384167 0.025000 0.011667
18 0.504167 0.309167 0.011667 0.021667
18 0.535000 0.800833 0.013333 0.021667
18 0.545833 0.287500 0.015000 0.025000
18 0.545000 0.463333 0.010000 0.023333
18 0.156667 0.370833 0.023333 0.008333
18 0.516667 0.572500 0.013333 0.015000
18 0.452500 0.850833 0.015000 0.025000
18 0.462500 0.807500 0.011667 0.021667
18 0.756667 0.801667 0.026667 0.016667
18 0.723333 0.809167 0.013333 0.021667
18 0.498333 0.529167 0.010000 0.018333
18 0.497500 0.392500 0.011667 0.021667
18 0.153333 0.393333 0.020000 0.010000
21 0.480833 0.380000 0.015000 0.010000
18 0.499167 0.478333 0.008333 0.013333
18 0.496667 0.501667 0.006667 0.013333
18 0.508333 0.605833 0.006667 0.008333
18 0.447500 0.870000 0.011667 0.020000
18 0.478333 0.740833 0.010000 0.018333
